100408
103818
106319
111312
118730
118932
120111
120212
125222
126325
127933
133625
136833
138231
138534
139637
142828
151223
151627
153429
156233
156637
157336
158540
159239
163432
169747
174437
175035
175439
176542
177645
185139
190031
192540
196144
197550
198451
199150
200614
202820
205119
205826
208226
211417
214221
214423
217429
227432
239944
245333
293748
298051
304020
366446
424939
499566
541943
552544
579665
581349
585862
586460
635245
654552
654754
672756
729557
734045
753251
756055
786569
857263
872764
880157
889579
894067
901139
917255
932554
951457
984472
993675
