126628
397861
207426
178950
176845
872562
148941
962058
663755
965771
926862
285446
512835
197348
987983
616645
475855
922854
126426
257845
118528
180533
510326
727553
268749
867468
572045
137027
773257
406836
212116
715950
898176
175136
188751
145127
207123
109123
308331
171633
161832
191336
151829
274542
150726
146735
123824
137229
297655
175338
589567
111716
353740
161630
557857
165032
622236
187547
181131
146937
156435
599469
181232
219231
115825
562345
127327
114217
305830
901038
151425
213421
203923
151324
617748
198350
618952
346945
208630
227533
386250
168139
832651
318637
767464
365343
693764
202719
849264
919966
167440
185038
581450
495255
996782
500222
128935
320826
673455
204218
816653
112314
597869
461743
255740
449753
657659
376247
107321
160729
204622
168240
680250
481042
774663
151930
204521
965367
559457
729254
647858
134425
204016
910443
191841
185341
168745
162935
116524
211215
601127
145632
134223
154532
486759
286347
723141
348545
395756
200311
192035
613538
188347
178849
310621
194443
185846
529549
198047
124220
131722
210011
467351
368753
127731
102715
436239
158338
453542
943862
136732
149236
158136
419239
379657
168947
679568
198249
101107
205220
566454
942658
178243
195041
208125
135528
238033
991267
134829
131419
561444
694362
165941
358144
459453
117021
349244
143224
169040
987074
174841
311320
214625
120414
852455
201414
583858
769064
120717
300719
558657
480141
175540
800941
656657
189349
110007
210112
172938
178748
155635
771354
173637
453441
135124
163836
145834
555651
814649
433839
136631
360030
971160
144731
441939
162733
540436
169949
558960
172534
910241
211316
167036
148335
531940
159138
144933
519950
172433
555954
146129
361234
576255
680452
131823
422632
130316
567052
137532
112516
167238
130417
856968
134728
209228
352132
833249
128026
211619
871762
200513
113922
336841
153227
188448
841349
567759
163331
620434
154330
201818
130619
525541
191942
553344
742549
153833
397154
196346
159744
153934
206525
585256
599065
176744
877269
481951
108525
180836
147030
465852
129634
377451
149842
912447
187345
193845
250932
151728
818859
102109
108323
387959
105620
212823
162228
206323
454140
339847
147636
138332
136227
156536
820745
129331
275645
213522
108020
186848
933253
123521
189652
162026
115219
329844
902242
212015
115724
140824
154229
818455
177241
146432
186444
164131
191235
531536
150625
118023
115017
118124
845458
779370
391748
737960
231928
263436
927359
735148
104416
994273
256540
356948
727654
143830
469961
844961
744553
518746
153631
578057
627852
468050
580650
200008
166640
257946
837560
206929
510225
645450
923755
186141
248339
611938
122620
541640
177140
628248
123925
724446
122317
654350
788674
513130
825048
118225
111413
634748
163129
826454
114823
878776
286650
479762
138837
195950
506234
955465
687163
513736
146331
152831
873968
782561
683256
802844
180432
361941
809252
117930
749058
148840
171330
793465
667056
165638
888678
445543
393550
565452
181636
257542
677766
837964
792766
209834
156031
158843
333330
220721
707749
187143
436845
165436
213017
136126
385046
127226
295146
141826
114621
104820
173940
330324
122822
930449
140117
150928
198653
303624
146836
217126
132017
119126
555348
148133
421226
456346
134021
891667
127832
571144
116726
299154
176037
155938
825553
520228
516742
316835
176239
378756
107725
137633
192237
194746
188145
412528
157942
299760
389357
228434
664757
195849
204420
153126
970764
905147
381038
121416
849971
587664
124826
675661
833148
561949
148436
179245
523032
121618
592455
180129
204319
223929
130518
990366
917558
168341
615744
947668
911849
129129
289555
214524
668361
208327
152225
112920
304727
552241
102311
966975
210415
765864
725751
958976
208024
124624
200917
983773
660951
567961
173536
135225
101006
728454
137936
715041
368551
346137
211821
185947
395958
130821
843151
195445
106521
784565
385450
127630
102614
154835
814548
178647
757764
106016
118831
173738
283543
415837
268850
656253
173435
828862
952863
547046
378857
121921
194847
316633
102513
211922
322224
270332
152427
835657
287248
522434
573451
169444
154936
720337
131217
166438
907656
113316
366042
201515
992673
135629
599671
690152
300618
432332
590047
281135
178142
182436
633847
979984
175742
497865
290136
382242
753150
298455
173334
380036
120515
334635
112112
187850
580044
810843
103212
623844
153025
209127
395251
179346
209329
125424
901442
128127
815247
609143
103111
580347
308129
172130
188549
870861
107422
130720
280739
394956
770352
100206
352738
107018
548250
154734
392447
211114
698168
173839
106824
130114
695768
185442
144832
183034
626648
825654
194645
211720
342129
463040
978578
321323
114318
138130
108121
303119
170631
144125
878877
406432
159340
102008
108222
206222
160830
110613
189450
123723
588565
135730
969476
147737
119025
894774
573249
199958
827052
709551
309636
164939
192641
350330
692964
882161
763557
180937
159441
536647
679770
604537
325129
748662
908860
176441
139839
519647
206727
783462
114419
562446
199352
792867
111211
529953
580751
200109
392750
206828
203418
108828
186040
568963
812746
413934
164636
759869
192843
180735
517239
579867
149741
139435
341834
141119
186545
164030
172029
237334
731140
524135
105923
171532
803240
198855
157437
139233
133019
212217
280941
700634
175237
101915
545345
869472
957974
686969
180230
100610
140925
199453
285345
104012
146533
